0 -0.44828 -0.00727 
10 -0.74452 -0.03580 
20 -0.77637 -0.07222 
30 -0.79685 -0.07458 
40 -0.79842 -0.07433 
50 -0.80471 -0.08022 
60 -0.81510 -0.08847 
70 -0.82143 -0.10538 
80 -0.82796 -0.12433 
90 -0.82492 -0.13604 
100 -0.83087 -0.15253 
110 -0.83016 -0.16647 
120 -0.83326 -0.18387 
130 -0.83601 -0.18820 
140 -0.83756 -0.20711 
150 -0.83708 -0.21084 
160 -0.83263 -0.20209 
170 -0.83585 -0.19122 
180 -0.84130 -0.20367 
190 -0.83874 -0.18747 
200 -0.84197 -0.21682 
210 -0.84209 -0.21769 
220 -0.84137 -0.22742 
230 -0.84452 -0.23104 
240 -0.84791 -0.24324 
250 -0.84263 -0.23436 
260 -0.84673 -0.23702 
270 -0.84634 -0.23956 
280 -0.84804 -0.25496 
290 -0.84777 -0.26382 
300 -0.84331 -0.26807 
310 -0.84554 -0.28796 
320 -0.84886 -0.29642 
330 -0.84715 -0.28862 
340 -0.85202 -0.31118 
350 -0.85478 -0.30836 
360 -0.85359 -0.30291 
370 -0.84624 -0.29300 
380 -0.84886 -0.30318 
390 -0.85458 -0.32091 
400 -0.85259 -0.31504 
410 -0.85422 -0.33116 
420 -0.85140 -0.33707 
430 -0.85189 -0.34673 
440 -0.85288 -0.34747 
450 -0.85405 -0.35089 
460 -0.85184 -0.33958 
470 -0.85150 -0.34800 
480 -0.84896 -0.33311 
490 -0.84679 -0.32331 
500 -0.85291 -0.31678 
510 -0.85729 -0.32089 
520 -0.85043 -0.32718 
530 -0.85137 -0.32529 
540 -0.85182 -0.31636 
550 -0.85248 -0.31489 
560 -0.85547 -0.32404 
570 -0.85544 -0.32829 
580 -0.85180 -0.33027 
590 -0.85326 -0.34367 
600 -0.85584 -0.34891 
610 -0.85238 -0.34407 
620 -0.85391 -0.33698 
630 -0.85036 -0.34040 
640 -0.85689 -0.36384 
650 -0.85321 -0.34893 
660 -0.85075 -0.35660 
670 -0.85103 -0.35842 
680 -0.85377 -0.35493 
690 -0.85005 -0.34729 
700 -0.84512 -0.33967 
710 -0.85012 -0.35398 
720 -0.85169 -0.36284 
730 -0.85418 -0.35020 
740 -0.85474 -0.35740 
750 -0.85404 -0.37062 
760 -0.85658 -0.38564 
770 -0.85033 -0.37818 
780 -0.85497 -0.38991 
790 -0.85888 -0.38833 
800 -0.85409 -0.38584 
810 -0.85429 -0.38209 
820 -0.85938 -0.37920 
830 -0.84949 -0.36251 
840 -0.85530 -0.36251 
850 -0.85651 -0.36169 
860 -0.85734 -0.35329 
870 -0.86078 -0.36382 
880 -0.86211 -0.37018 
890 -0.85733 -0.38482 
900 -0.85326 -0.37833 
910 -0.85646 -0.38653 
920 -0.86095 -0.38109 
930 -0.85778 -0.38416 
940 -0.85972 -0.39489 
950 -0.85510 -0.38882 
960 -0.86054 -0.40416 
970 -0.86062 -0.39740 
980 -0.85756 -0.40364 
990 -0.85754 -0.39518 
1000 -0.85534 -0.40107 
1010 -0.85797 -0.40787 
1020 -0.85951 -0.41322 
1030 -0.86256 -0.40687 
1040 -0.85436 -0.40573 
1050 -0.85890 -0.40947 
1060 -0.86073 -0.41691 
1070 -0.85638 -0.40933 
1080 -0.86018 -0.41540 
1090 -0.86049 -0.41760 
1100 -0.86091 -0.41758 
1110 -0.86171 -0.42056 
1120 -0.85989 -0.42538 
1130 -0.86163 -0.42260 
1140 -0.85875 -0.41902 
1150 -0.85780 -0.41753 
1160 -0.85822 -0.40633 
1170 -0.85881 -0.40407 
1180 -0.85897 -0.39442 
1190 -0.85742 -0.40709 
1200 -0.85901 -0.40451 
1210 -0.86447 -0.41164 
1220 -0.85598 -0.40798 
1230 -0.85907 -0.40633 
1240 -0.85373 -0.41344 
1250 -0.85846 -0.42100 
1260 -0.85804 -0.42227 
1270 -0.85503 -0.41824 
1280 -0.85878 -0.41796 
1290 -0.86123 -0.41967 
1300 -0.85952 -0.42031 
1310 -0.85712 -0.41829 
1320 -0.86192 -0.41984 
1330 -0.85828 -0.40780 
1340 -0.86023 -0.41184 
1350 -0.85842 -0.41842 
1360 -0.85850 -0.41980 
1370 -0.85866 -0.40536 
1380 -0.85719 -0.40856 
1390 -0.85711 -0.40471 
1400 -0.85627 -0.40796 
1410 -0.86037 -0.40976 
1420 -0.85773 -0.40271 
1430 -0.85911 -0.41182 
1440 -0.85921 -0.41467 
1450 -0.86152 -0.41076 
1460 -0.85923 -0.41044 
1470 -0.86068 -0.41324 
1480 -0.86236 -0.41113 
1490 -0.85606 -0.41364 
1500 -0.85918 -0.41244 
1510 -0.85901 -0.41273 
1520 -0.85982 -0.42044 
1530 -0.86102 -0.42536 
1540 -0.86067 -0.41469 
1550 -0.85853 -0.40780 
1560 -0.86177 -0.40500 
1570 -0.85439 -0.41224 
1580 -0.86202 -0.41089 
1590 -0.85768 -0.41091 
1600 -0.85629 -0.40858 
1610 -0.86061 -0.41598 
1620 -0.85619 -0.41049 
1630 -0.85848 -0.41993 
1640 -0.86044 -0.42958 
1650 -0.85638 -0.43253 
1660 -0.85720 -0.43258 
1670 -0.85757 -0.43967 
1680 -0.85761 -0.43044 
1690 -0.85879 -0.42622 
1700 -0.86207 -0.43351 
1710 -0.85797 -0.43224 
1720 -0.85712 -0.42733 
1730 -0.85879 -0.42611 
1740 -0.85810 -0.43471 
1750 -0.85867 -0.42591 
1760 -0.85991 -0.42080 
1770 -0.85711 -0.42691 
1780 -0.85853 -0.42391 
1790 -0.85973 -0.42393 
1800 -0.85770 -0.43033 
1810 -0.86052 -0.42996 
1820 -0.86019 -0.43018 
1830 -0.85799 -0.44104 
1840 -0.85822 -0.43984 
1850 -0.86187 -0.43862 
1860 -0.85471 -0.42882 
1870 -0.85757 -0.42476 
1880 -0.85484 -0.42336 
1890 -0.86396 -0.42464 
1900 -0.86167 -0.42171 
1910 -0.85928 -0.42878 
1920 -0.85746 -0.42753 
1930 -0.85926 -0.41929 
1940 -0.85843 -0.41047 
1950 -0.86020 -0.41949 
1960 -0.85661 -0.41531 
1970 -0.86193 -0.40802 
1980 -0.86338 -0.41964 
1990 -0.85964 -0.41624 
2000 -0.85812 -0.42269 
2010 -0.85532 -0.40722 
2020 -0.86048 -0.41149 
2030 -0.86504 -0.40327 
2040 -0.85747 -0.39967 
2050 -0.86129 -0.39711 
2060 -0.86010 -0.39227 
2070 -0.86207 -0.39522 
2080 -0.86193 -0.40160 
2090 -0.86191 -0.40931 
2100 -0.86107 -0.41484 
2110 -0.86029 -0.42062 
2120 -0.86225 -0.42869 
2130 -0.86114 -0.43398 
2140 -0.85907 -0.42982 
2150 -0.86134 -0.42809 
2160 -0.86272 -0.42249 
2170 -0.85240 -0.40687 
2180 -0.86400 -0.41907 
2190 -0.85518 -0.42120 
2200 -0.86297 -0.41429 
2210 -0.86395 -0.42358 
2220 -0.85646 -0.41658 
2230 -0.85816 -0.41831 
2240 -0.85962 -0.42867 
2250 -0.86055 -0.42307 
2260 -0.85606 -0.43131 
2270 -0.86196 -0.42253 
2280 -0.86141 -0.42878 
2290 -0.86120 -0.42569 
2300 -0.85656 -0.41976 
2310 -0.86221 -0.42229 
2320 -0.86082 -0.40760 
2330 -0.85622 -0.41636 
2340 -0.85639 -0.41469 
2350 -0.85619 -0.41051 
2360 -0.85713 -0.40920 
2370 -0.85974 -0.41507 
2380 -0.86131 -0.42253 
2390 -0.86257 -0.41060 
2400 -0.86137 -0.40587 
2410 -0.86262 -0.39540 
2420 -0.86200 -0.39947 
2430 -0.85519 -0.39220 
2440 -0.86242 -0.39849 
2450 -0.86497 -0.39738 
2460 -0.85852 -0.39133 
2470 -0.86077 -0.39016 
2480 -0.86167 -0.39442 
2490 -0.85811 -0.39749 
2500 -0.86130 -0.39671 
2510 -0.86422 -0.38607 
2520 -0.86130 -0.38164 
2530 -0.86054 -0.37327 
2540 -0.85946 -0.37169 
2550 -0.85719 -0.37020 
2560 -0.85825 -0.35640 
2570 -0.85770 -0.34842 
2580 -0.86192 -0.34971 
2590 -0.86292 -0.35218 
2600 -0.85798 -0.34902 
2610 -0.85589 -0.34282 
2620 -0.85989 -0.35364 
2630 -0.86158 -0.35387 
2640 -0.86233 -0.35729 
2650 -0.86221 -0.35867 
2660 -0.85799 -0.36871 
2670 -0.85888 -0.37022 
2680 -0.85388 -0.36458 
2690 -0.86310 -0.37120 
2700 -0.86161 -0.37349 
2710 -0.85598 -0.37318 
2720 -0.85590 -0.37767 
2730 -0.86058 -0.38204 
2740 -0.86068 -0.38127 
2750 -0.86209 -0.38338 
2760 -0.85678 -0.37478 
2770 -0.85979 -0.37782 
2780 -0.85574 -0.39233 
2790 -0.85904 -0.39127 
2800 -0.86232 -0.38913 
2810 -0.85871 -0.38593 
2820 -0.85807 -0.38247 
2830 -0.86167 -0.38749 
2840 -0.85863 -0.39307 
2850 -0.85930 -0.40200 
2860 -0.86403 -0.40898 
2870 -0.85961 -0.40260 
2880 -0.86031 -0.39993 
2890 -0.85895 -0.40751 
2900 -0.86071 -0.39589 
2910 -0.85854 -0.39871 
2920 -0.85886 -0.39653 
2930 -0.86170 -0.40176 
2940 -0.85752 -0.39751 
2950 -0.85453 -0.39618 
2960 -0.85223 -0.38924 
2970 -0.86440 -0.38680 
2980 -0.86154 -0.37722 
2990 -0.85991 -0.37069 
3000 -0.85177 -0.36853 
3010 -0.85967 -0.37373 
3020 -0.85658 -0.36498 
3030 -0.85516 -0.36080 
3040 -0.85539 -0.36691 
3050 -0.85719 -0.35853 
3060 -0.86379 -0.36942 
3070 -0.85953 -0.36720 
3080 -0.86256 -0.36580 
3090 -0.86279 -0.36180 
3100 -0.85948 -0.36329 
3110 -0.85894 -0.36369 
3120 -0.86008 -0.35973 
3130 -0.85920 -0.35942 
3140 -0.85914 -0.36671 
3150 -0.86304 -0.37764 
3160 -0.86162 -0.37653 
3170 -0.85999 -0.37216 
3180 -0.86061 -0.36729 
3190 -0.85869 -0.36949 
3200 -0.85558 -0.35438 
3210 -0.86203 -0.36342 
3220 -0.85719 -0.35578 
3230 -0.85964 -0.35322 
3240 -0.86346 -0.35782 
3250 -0.86059 -0.36120 
3260 -0.86018 -0.36018 
3270 -0.85974 -0.37160 
3280 -0.86846 -0.37936 
3290 -0.85792 -0.37873 
3300 -0.85838 -0.37982 
3310 -0.86261 -0.38300 
3320 -0.86259 -0.38249 
3330 -0.86323 -0.38216 
3340 -0.86211 -0.39371 
3350 -0.86128 -0.38540 
3360 -0.85683 -0.36853 
3370 -0.85661 -0.35878 
3380 -0.86042 -0.36331 
3390 -0.86202 -0.36247 
3400 -0.86310 -0.35818 
3410 -0.86086 -0.35898 
3420 -0.86048 -0.34896 
3430 -0.85614 -0.34871 
3440 -0.85753 -0.34973 
3450 -0.86140 -0.34271 
3460 -0.86006 -0.35271 
3470 -0.86609 -0.35916 
3480 -0.86011 -0.35827 
3490 -0.86057 -0.36131 
3500 -0.85201 -0.35873 
3510 -0.85940 -0.35033 
3520 -0.85944 -0.34158 
3530 -0.86058 -0.33860 
3540 -0.85659 -0.34136 
3550 -0.85654 -0.33278 
3560 -0.86003 -0.33269 
3570 -0.85973 -0.33824 
3580 -0.86323 -0.32742 
3590 -0.85949 -0.32193 
3600 -0.86146 -0.33220 
3610 -0.86280 -0.34004 
3620 -0.85455 -0.33451 
3630 -0.86017 -0.34331 
3640 -0.85659 -0.35073 
3650 -0.85948 -0.34962 
3660 -0.86412 -0.34887 
3670 -0.86324 -0.34764 
3680 -0.86624 -0.35984 
3690 -0.85848 -0.35596 
3700 -0.86215 -0.35504 
3710 -0.85834 -0.34933 
3720 -0.85931 -0.34482 
3730 -0.86167 -0.34776 
3740 -0.86017 -0.33978 
3750 -0.85861 -0.34322 
3760 -0.85308 -0.33900 
3770 -0.86028 -0.33831 
3780 -0.85840 -0.33371 
3790 -0.86209 -0.34038 
3800 -0.85976 -0.34700 
3810 -0.86028 -0.34024 
3820 -0.85854 -0.35236 
3830 -0.85864 -0.34862 
3840 -0.85904 -0.34033 
3850 -0.86164 -0.35471 
3860 -0.85712 -0.36424 
3870 -0.86089 -0.36918 
3880 -0.86016 -0.37596 
3890 -0.85913 -0.37813 
3900 -0.85986 -0.37218 
3910 -0.86388 -0.37536 
3920 -0.86044 -0.36122 
3930 -0.86308 -0.35982 
3940 -0.86147 -0.35909 
3950 -0.85890 -0.36316 
3960 -0.85827 -0.35273 
3970 -0.85898 -0.34944 
3980 -0.85803 -0.35202 
3990 -0.86167 -0.34749 
4000 -0.86092 -0.35182 
4010 -0.86459 -0.35384 
4020 -0.85948 -0.35720 
4030 -0.85951 -0.35544 
4040 -0.85581 -0.34987 
4050 -0.86263 -0.35664 
4060 -0.86166 -0.36249 
4070 -0.85855 -0.35618 
4080 -0.86080 -0.36620 
4090 -0.85668 -0.36771 
4100 -0.85787 -0.36576 
4110 -0.86145 -0.36753 
4120 -0.86405 -0.36569 
4130 -0.86364 -0.36658 
4140 -0.86129 -0.37036 
4150 -0.85913 -0.36698 
4160 -0.85954 -0.38171 
4170 -0.86350 -0.38069 
4180 -0.85867 -0.37587 
4190 -0.86126 -0.37351 
4200 -0.85706 -0.38100 
4210 -0.85553 -0.37509 
4220 -0.85936 -0.38296 
4230 -0.85693 -0.38047 
4240 -0.86487 -0.38527 
4250 -0.85889 -0.37340 
4260 -0.86515 -0.38227 
4270 -0.86318 -0.38118 
4280 -0.85312 -0.37631 
4290 -0.85709 -0.38851 
4300 -0.85630 -0.39138 
4310 -0.86147 -0.40907 
4320 -0.86008 -0.40053 
4330 -0.85612 -0.40200 
4340 -0.86045 -0.39822 
4350 -0.86323 -0.40818 
4360 -0.85966 -0.41238 
4370 -0.86362 -0.41031 
4380 -0.86173 -0.42036 
4390 -0.86523 -0.40840 
4400 -0.86019 -0.39853 
4410 -0.86832 -0.40027 
4420 -0.85841 -0.39373 
4430 -0.86048 -0.39738 
4440 -0.86809 -0.38907 
4450 -0.86594 -0.38987 
4460 -0.85926 -0.38882 
4470 -0.85809 -0.39382 
4480 -0.85549 -0.38560 
4490 -0.85831 -0.38489 
4500 -0.86441 -0.38598 
4510 -0.85393 -0.38413 
4520 -0.86443 -0.38313 
4530 -0.85883 -0.38376 
4540 -0.86208 -0.38256 
4550 -0.86076 -0.37771 
4560 -0.85850 -0.37567 
4570 -0.85947 -0.38324 
4580 -0.85899 -0.39402 
4590 -0.85988 -0.39640 
4600 -0.86354 -0.38627 
4610 -0.86297 -0.38607 
4620 -0.85784 -0.38140 
4630 -0.85914 -0.37440 
4640 -0.86280 -0.36262 
4650 -0.85765 -0.36764 
4660 -0.86455 -0.35756 
4670 -0.85656 -0.35004 
4680 -0.85164 -0.35287 
4690 -0.85541 -0.35082 
4700 -0.86014 -0.35498 
4710 -0.85940 -0.35053 
4720 -0.86353 -0.33700 
4730 -0.86199 -0.33064 
4740 -0.85775 -0.34080 
4750 -0.86043 -0.33158 
4760 -0.86006 -0.33424 
4770 -0.85819 -0.32396 
4780 -0.86143 -0.31771 
4790 -0.85678 -0.32331 
4800 -0.85701 -0.32340 
4810 -0.85828 -0.32411 
4820 -0.86206 -0.32496 
4830 -0.86224 -0.32307 
4840 -0.85385 -0.31900 
4850 -0.85768 -0.31813 
4860 -0.85999 -0.31700 
4870 -0.86516 -0.32489 
4880 -0.85978 -0.32411 
4890 -0.86491 -0.31942 
4900 -0.85768 -0.31720 
4910 -0.85714 -0.31113 
4920 -0.86135 -0.31438 
4930 -0.86189 -0.31811 
4940 -0.86026 -0.31011 
4950 -0.86390 -0.31560 
4960 -0.86305 -0.31613 
4970 -0.85707 -0.31267 
4980 -0.85782 -0.31524 
4990 -0.85928 -0.31744 
5000 -0.85715 -0.31836 
5010 -0.85771 -0.32302 
5020 -0.86320 -0.31860 
5030 -0.86389 -0.32080 
5040 -0.85892 -0.31813 
5050 -0.86259 -0.32047 
5060 -0.85986 -0.32158 
5070 -0.86242 -0.31491 
5080 -0.86236 -0.31387 
5090 -0.85885 -0.31213 
5100 -0.85674 -0.30456 
5110 -0.86228 -0.31258 
5120 -0.86269 -0.30873 
5130 -0.85927 -0.31973 
5140 -0.85970 -0.31838 
5150 -0.85972 -0.32876 
5160 -0.86102 -0.33560 
5170 -0.85910 -0.33009 
5180 -0.86214 -0.33916 
5190 -0.86080 -0.33942 
5200 -0.85494 -0.34211 
5210 -0.86662 -0.34753 
5220 -0.85757 -0.34227 
5230 -0.85683 -0.34140 
5240 -0.85872 -0.34009 
5250 -0.85260 -0.34556 
5260 -0.85881 -0.35431 
5270 -0.85872 -0.35980 
5280 -0.85590 -0.36211 
5290 -0.85876 -0.35364 
5300 -0.85758 -0.35729 
5310 -0.86236 -0.36131 
5320 -0.86320 -0.35638 
5330 -0.86057 -0.36507 
5340 -0.85508 -0.35147 
5350 -0.85801 -0.34758 
5360 -0.85678 -0.34724 
5370 -0.86029 -0.35256 
5380 -0.85748 -0.34747 
5390 -0.85721 -0.34647 
5400 -0.85858 -0.34429 
5410 -0.85857 -0.34480 
5420 -0.85416 -0.34996 
5430 -0.86102 -0.34240 
5440 -0.86008 -0.34278 
5450 -0.85651 -0.34498 
5460 -0.85856 -0.34149 
5470 -0.86398 -0.35169 
5480 -0.86025 -0.33662 
5490 -0.86077 -0.33942 
5500 -0.85512 -0.33220 
5510 -0.85766 -0.32896 
5520 -0.85877 -0.32351 
5530 -0.85633 -0.31818 
5540 -0.86624 -0.32273 
5550 -0.85854 -0.31878 
5560 -0.85754 -0.31696 
5570 -0.86161 -0.31300 
5580 -0.86089 -0.32444 
5590 -0.85933 -0.32418 
5600 -0.86318 -0.31264 
5610 -0.86169 -0.30818 
5620 -0.85953 -0.31360 
5630 -0.86366 -0.30411 
5640 -0.85933 -0.30547 
5650 -0.85699 -0.30018 
5660 -0.86511 -0.30676 
5670 -0.86028 -0.30298 
5680 -0.85184 -0.30191 
5690 -0.86232 -0.31080 
5700 -0.85713 -0.30089 
5710 -0.86131 -0.29742 
5720 -0.86047 -0.28956 
5730 -0.85869 -0.28707 
5740 -0.85829 -0.29851 
5750 -0.86183 -0.29891 
5760 -0.86307 -0.29533 
5770 -0.85839 -0.27502 
5780 -0.85829 -0.27582 
5790 -0.86104 -0.27427 
5800 -0.85806 -0.27682 
5810 -0.86201 -0.28342 
5820 -0.85923 -0.27760 
5830 -0.86168 -0.28247 
5840 -0.86558 -0.28142 
5850 -0.85932 -0.29082 
5860 -0.85764 -0.28447 
5870 -0.85754 -0.28456 
5880 -0.85856 -0.28153 
5890 -0.86233 -0.28476 
5900 -0.86042 -0.27600 
5910 -0.86178 -0.28407 
5920 -0.85838 -0.27378 
5930 -0.86007 -0.28156 
5940 -0.86079 -0.28244 
5950 -0.85715 -0.28949 
5960 -0.85886 -0.28502 
5970 -0.86061 -0.28073 
5980 -0.85883 -0.28278 
5990 -0.85655 -0.27433 
6000 -0.85465 -0.28227 
6010 -0.85893 -0.28002 
6020 -0.86148 -0.28133 
6030 -0.85749 -0.27516 
6040 -0.86147 -0.26860 
6050 -0.85999 -0.26531 
6060 -0.86191 -0.27018 
6070 -0.86285 -0.26369 
6080 -0.86044 -0.26224 
6090 -0.85617 -0.26382 
6100 -0.85397 -0.26629 
6110 -0.85851 -0.27409 
6120 -0.86067 -0.27967 
6130 -0.86218 -0.28249 
6140 -0.85905 -0.28833 
6150 -0.86060 -0.29453 
6160 -0.85775 -0.28700 
6170 -0.85974 -0.29256 
6180 -0.86289 -0.28473 
6190 -0.85560 -0.27860 
6200 -0.85928 -0.27664 
6210 -0.86283 -0.28638 
6220 -0.86033 -0.28227 
6230 -0.86097 -0.28153 
6240 -0.85728 -0.28544 
6250 -0.86291 -0.29558 
6260 -0.86113 -0.29031 
6270 -0.86316 -0.29829 
6280 -0.85749 -0.29553 
6290 -0.85916 -0.30751 
6300 -0.86177 -0.30889 
6310 -0.86317 -0.31627 
6320 -0.86361 -0.31033 
6330 -0.86399 -0.30600 
6340 -0.86268 -0.29220 
6350 -0.85899 -0.29707 
6360 -0.86061 -0.29244 
6370 -0.86175 -0.29858 
6380 -0.85765 -0.29549 
6390 -0.86045 -0.29816 
6400 -0.85978 -0.30916 
6410 -0.86337 -0.32087 
6420 -0.86087 -0.31918 
6430 -0.85854 -0.30958 
6440 -0.85933 -0.30436 
6450 -0.85995 -0.30847 
6460 -0.85804 -0.31269 
6470 -0.86059 -0.31742 
6480 -0.85738 -0.31922 
6490 -0.85736 -0.31689 
6500 -0.86263 -0.31624 
6510 -0.85574 -0.31224 
6520 -0.86032 -0.32147 
6530 -0.86003 -0.31902 
6540 -0.86011 -0.30356 
6550 -0.86252 -0.30593 
6560 -0.85971 -0.30233 
6570 -0.86206 -0.30842 
6580 -0.86572 -0.31462 
6590 -0.85767 -0.30427 
6600 -0.86242 -0.30456 
6610 -0.86162 -0.29958 
6620 -0.85914 -0.29253 
6630 -0.86167 -0.29111 
6640 -0.86626 -0.29533 
6650 -0.86466 -0.29518 
6660 -0.86527 -0.28982 
6670 -0.86258 -0.30260 
6680 -0.86069 -0.30651 
6690 -0.85668 -0.30031 
6700 -0.86518 -0.29844 
6710 -0.86101 -0.30820 
6720 -0.85598 -0.29729 
6730 -0.85669 -0.28847 
6740 -0.85834 -0.27811 
6750 -0.86142 -0.27784 
6760 -0.86220 -0.28287 
6770 -0.86371 -0.29024 
6780 -0.86221 -0.29191 
6790 -0.85905 -0.29262 
6800 -0.86027 -0.29147 
6810 -0.86142 -0.29542 
6820 -0.86221 -0.29236 
6830 -0.85963 -0.28989 
6840 -0.86294 -0.29156 
6850 -0.86019 -0.29738 
6860 -0.85836 -0.30071 
6870 -0.85845 -0.30120 
6880 -0.86263 -0.28989 
6890 -0.86089 -0.29276 
6900 -0.85761 -0.29820 
6910 -0.86207 -0.29553 
6920 -0.85833 -0.30316 
6930 -0.86426 -0.30724 
6940 -0.86113 -0.29456 
6950 -0.85798 -0.29189 
6960 -0.85920 -0.28827 
6970 -0.85559 -0.28173 
6980 -0.85922 -0.28689 
6990 -0.85892 -0.27333 
7000 -0.86070 -0.28422 
7010 -0.85508 -0.29709 
7020 -0.85889 -0.30269 
7030 -0.86059 -0.31171 
7040 -0.86122 -0.30353 
7050 -0.85705 -0.30136 
7060 -0.86113 -0.29596 
7070 -0.85937 -0.29040 
7080 -0.85633 -0.28331 
7090 -0.86054 -0.28556 
7100 -0.85884 -0.28464 
7110 -0.85535 -0.28931 
7120 -0.86271 -0.28911 
7130 -0.85845 -0.29391 
7140 -0.86055 -0.28656 
7150 -0.85720 -0.28358 
7160 -0.85863 -0.28304 
7170 -0.85925 -0.27293 
7180 -0.85896 -0.27429 
7190 -0.86014 -0.27620 
7200 -0.85964 -0.26649 
7210 -0.86138 -0.27418 
7220 -0.85796 -0.27149 
7230 -0.85709 -0.27660 
7240 -0.86219 -0.28104 
7250 -0.85721 -0.28187 
7260 -0.85565 -0.28238 
7270 -0.86053 -0.27564 
7280 -0.85819 -0.27156 
7290 -0.85577 -0.28644 
7300 -0.86747 -0.29322 
7310 -0.86370 -0.29364 
7320 -0.85915 -0.28036 
7330 -0.86087 -0.28220 
7340 -0.86239 -0.28998 
7350 -0.86017 -0.28336 
7360 -0.86598 -0.29189 
7370 -0.85898 -0.29842 
7380 -0.86379 -0.30176 
7390 -0.86204 -0.30042 
7400 -0.85763 -0.30051 
7410 -0.85964 -0.29584 
7420 -0.86124 -0.29807 
7430 -0.85654 -0.30236 
7440 -0.85788 -0.30067 
7450 -0.86121 -0.29756 
7460 -0.85864 -0.29900 
7470 -0.85804 -0.29940 
7480 -0.85705 -0.29433 
7490 -0.85976 -0.29429 
7500 -0.85969 -0.29433 
7510 -0.85755 -0.29980 
7520 -0.86037 -0.30156 
7530 -0.86338 -0.30796 
7540 -0.86369 -0.31200 
7550 -0.85900 -0.30200 
7560 -0.86371 -0.31076 
7570 -0.85794 -0.30367 
7580 -0.86444 -0.30478 
7590 -0.86057 -0.30524 
7600 -0.86139 -0.31056 
7610 -0.85967 -0.30478 
7620 -0.86067 -0.30491 
7630 -0.86048 -0.29393 
7640 -0.85579 -0.29862 
7650 -0.85811 -0.28782 
7660 -0.86018 -0.28153 
7670 -0.85773 -0.27789 
7680 -0.85780 -0.27267 
7690 -0.86237 -0.27782 
7700 -0.85874 -0.27460 
7710 -0.86121 -0.28218 
7720 -0.85784 -0.28076 
7730 -0.85405 -0.27456 
7740 -0.86049 -0.27898 
7750 -0.85927 -0.27900 
7760 -0.86030 -0.27849 
7770 -0.86505 -0.27584 
7780 -0.85824 -0.26569 
7790 -0.85317 -0.26391 
7800 -0.85962 -0.26853 
7810 -0.86004 -0.26824 
7820 -0.85725 -0.26373 
7830 -0.85973 -0.26100 
7840 -0.86182 -0.26229 
7850 -0.85853 -0.25960 
7860 -0.86215 -0.26580 
7870 -0.85791 -0.26678 
7880 -0.85681 -0.27396 
7890 -0.85745 -0.27491 
7900 -0.85962 -0.27622 
7910 -0.86246 -0.27920 
7920 -0.85941 -0.27756 
7930 -0.85869 -0.28004 
7940 -0.86103 -0.27422 
7950 -0.86102 -0.29216 
7960 -0.85990 -0.28642 
7970 -0.85922 -0.29136 
7980 -0.86132 -0.28642 
7990 -0.85853 -0.28320 
8000 -0.85969 -0.29136 
8010 -0.85668 -0.27780 
8020 -0.86091 -0.28118 
8030 -0.86134 -0.28976 
8040 -0.85732 -0.29044 
8050 -0.85957 -0.28333 
8060 -0.86157 -0.28449 
8070 -0.86454 -0.29093 
8080 -0.86074 -0.28744 
8090 -0.86268 -0.29362 
8100 -0.85969 -0.29438 
8110 -0.85930 -0.29236 
8120 -0.86396 -0.29107 
8130 -0.85471 -0.27860 
8140 -0.85758 -0.28464 
8150 -0.85884 -0.28909 
8160 -0.86203 -0.28522 
8170 -0.86214 -0.28176 
8180 -0.85859 -0.27353 
8190 -0.86038 -0.27467 
8200 -0.85849 -0.27438 
8210 -0.85912 -0.26142 
8220 -0.86012 -0.25502 
8230 -0.85669 -0.25360 
8240 -0.86314 -0.25389 
8250 -0.85642 -0.24331 
8260 -0.85953 -0.24231 
8270 -0.85500 -0.24093 
8280 -0.86279 -0.24440 
8290 -0.85794 -0.24327 
8300 -0.86157 -0.23671 
8310 -0.85972 -0.23049 
8320 -0.85991 -0.23358 
8330 -0.86078 -0.24691 
8340 -0.86353 -0.24138 
8350 -0.85757 -0.24236 
8360 -0.85946 -0.24051 
8370 -0.85783 -0.24580 
8380 -0.86008 -0.24842 
8390 -0.86199 -0.25071 
8400 -0.86203 -0.25040 
8410 -0.86202 -0.25840 
8420 -0.85714 -0.26184 
8430 -0.86279 -0.26184 
8440 -0.86182 -0.27471 
8450 -0.85989 -0.25813 
8460 -0.86022 -0.25962 
8470 -0.86181 -0.26987 
8480 -0.86318 -0.26958 
8490 -0.85592 -0.27411 
8500 -0.86186 -0.27469 
8510 -0.85851 -0.28418 
8520 -0.85813 -0.29309 
8530 -0.85632 -0.28084 
8540 -0.85456 -0.28264 
8550 -0.86264 -0.27769 
8560 -0.86189 -0.28276 
8570 -0.85779 -0.28144 
8580 -0.86079 -0.28327 
8590 -0.86086 -0.27929 
8600 -0.85959 -0.27322 
8610 -0.85908 -0.27633 
8620 -0.85604 -0.27416 
8630 -0.85744 -0.28113 
8640 -0.85753 -0.27516 
8650 -0.85942 -0.27280 
8660 -0.85913 -0.28080 
8670 -0.85952 -0.27484 
8680 -0.85945 -0.26980 
8690 -0.86138 -0.27718 
8700 -0.86286 -0.27122 
8710 -0.85615 -0.26764 
8720 -0.86415 -0.26864 
8730 -0.85983 -0.25644 
8740 -0.86028 -0.26733 
8750 -0.86193 -0.26449 
8760 -0.86090 -0.26747 
8770 -0.85881 -0.26840 
8780 -0.85759 -0.27222 
8790 -0.85962 -0.28720 
8800 -0.86132 -0.27933 
8810 -0.85949 -0.27600 
8820 -0.85863 -0.26698 
8830 -0.85681 -0.26029 
8840 -0.86064 -0.26316 
8850 -0.85997 -0.25451 
8860 -0.85743 -0.24100 
8870 -0.85790 -0.24749 
8880 -0.86082 -0.23564 
8890 -0.86032 -0.22658 
8900 -0.85923 -0.22007 
8910 -0.85921 -0.20760 
8920 -0.85957 -0.20189 
8930 -0.85404 -0.20676 
8940 -0.85911 -0.20620 
8950 -0.85694 -0.20400 
8960 -0.85777 -0.19916 
8970 -0.85559 -0.19100 
8980 -0.86230 -0.19240 
8990 -0.86002 -0.18851 
9000 -0.85713 -0.17933 
9010 -0.85867 -0.19211 
9020 -0.85987 -0.19260 
9030 -0.86201 -0.18460 
9040 -0.85821 -0.18071 
9050 -0.85631 -0.16980 
9060 -0.86234 -0.16502 
9070 -0.86053 -0.17578 
9080 -0.85815 -0.16569 
9090 -0.85623 -0.16993 
9100 -0.86171 -0.16953 
9110 -0.85893 -0.17489 
9120 -0.85972 -0.17347 
9130 -0.86263 -0.18531 
9140 -0.85943 -0.19153 
9150 -0.86097 -0.18751 
9160 -0.86016 -0.16900 
9170 -0.86042 -0.16531 
9180 -0.85914 -0.15811 
9190 -0.85972 -0.15638 
9200 -0.86014 -0.15680 
9210 -0.86313 -0.14864 
9220 -0.86217 -0.14156 
9230 -0.86218 -0.14073 
9240 -0.86853 -0.13493 
9250 -0.86254 -0.12467 
9260 -0.85866 -0.11280 
9270 -0.86074 -0.11387 
9280 -0.85908 -0.11660 
9290 -0.85848 -0.11498 
9300 -0.86239 -0.11909 
9310 -0.86024 -0.11607 
9320 -0.86293 -0.11467 
9330 -0.86224 -0.11376 
9340 -0.85896 -0.11640 
9350 -0.85704 -0.11338 
9360 -0.86321 -0.11842 
9370 -0.85821 -0.11651 
9380 -0.86271 -0.12058 
9390 -0.85908 -0.13002 
9400 -0.85849 -0.13973 
9410 -0.86093 -0.13378 
9420 -0.85452 -0.14209 
9430 -0.85862 -0.14109 
9440 -0.86285 -0.14747 
9450 -0.86107 -0.14922 
9460 -0.85956 -0.14673 
9470 -0.85811 -0.14067 
9480 -0.85906 -0.13811 
9490 -0.86118 -0.13142 
9500 -0.86162 -0.14024 
9510 -0.85706 -0.12962 
9520 -0.86157 -0.13427 
9530 -0.86012 -0.12318 
9540 -0.85829 -0.12764 
9550 -0.85593 -0.12642 
9560 -0.86492 -0.13191 
9570 -0.85620 -0.13344 
9580 -0.86729 -0.14271 
9590 -0.85831 -0.14627 
9600 -0.85736 -0.15009 
9610 -0.85615 -0.15471 
9620 -0.85463 -0.14911 
9630 -0.85810 -0.15953 
9640 -0.86106 -0.16009 
9650 -0.86143 -0.15409 
9660 -0.86013 -0.16069 
9670 -0.86364 -0.15758 
9680 -0.85934 -0.16620 
9690 -0.86113 -0.17424 
9700 -0.85888 -0.16991 
9710 -0.86074 -0.17251 
9720 -0.85964 -0.16442 
9730 -0.85979 -0.15469 
9740 -0.86133 -0.15851 
9750 -0.86283 -0.15638 
9760 -0.85682 -0.16104 
9770 -0.85654 -0.15676 
9780 -0.85695 -0.15844 
9790 -0.85758 -0.15129 
9800 -0.86208 -0.15578 
9810 -0.85644 -0.15082 
9820 -0.85953 -0.15204 
9830 -0.85958 -0.15651 
9840 -0.85949 -0.15536 
9850 -0.86226 -0.14344 
9860 -0.86031 -0.15069 
9870 -0.85652 -0.14580 
9880 -0.85952 -0.15011 
9890 -0.86529 -0.14480 
9900 -0.85587 -0.14384 
9910 -0.85956 -0.14158 
9920 -0.86036 -0.15164 
9930 -0.86268 -0.15016 
9940 -0.85689 -0.14564 
9950 -0.85904 -0.15400 
9960 -0.85793 -0.15758 
9970 -0.85685 -0.15873 
9980 -0.86432 -0.16349 
9990 -0.85785 -0.16202 
